
;pos=020000
+D860E68
.D860E68
+D860E68
.D860E68
.D860E68
+D860E68
.D860E68
.D860E68
+D860E68
.D860E68
.D860E68
+D860E68
.D860E68
.D860E68
+b860E68
.D860E68
+F861628
+B861628
.B861628
+H861628
+D861628
.D861628
+D861628
+D861628
+D861628
+D861628
+D861628
+D861628
.D861628
+D861628
+D861628
+D841628
.D841628
.D841628
+D841628
+D84
+D84
.D84
.D84
+D84
.D84
.D84
+D84
+D84
.D84
.D84
+D84
.D84
+D84
.D84
.D84
+D84
.D84
+D84
.D84
+C84
.C84
.C84
+C84
.C84
.C84
+C84
.C84
.C84
+C84
.C84
.C84
+C84
.C84
.C84
+C84
.C84
+K84
.C84
U
U
U
+G84
+K84
.C84
r 15 U
+G84
.C84
+C84
.C84
.C84
+C84
.C84
+E84
.084
.084
+084
.084
.084
+084
.084
.084
+084
.084
.084
+084
.084
+084
.084
.084
+I84
.084
+084
+I84
.084
+084
.084
.084
+084
.084
.084
+084
.084
.084
+E84
.084
+084
.084
+084
.084
+084
.084
.084
+084
.084
.084
+084
+084
.084
+084
+084
.084
+084
.084
+084
+084
+084
.084
+084
+084
.084
+084
.084
+084
+084
+084
.084
+084
+084
.084
+084
.084
+084
+084
+E84
+084
.084
+I84
.084
+I84
.084
.084
+Y84
.084
+M84
.084
.084
+E84
+084
+084
.084
+084
+084
.084
+084
.084
.084
.084
+I84
.084
.084
+084
.084
+084
.084
+084
+084
.084
.084
+084
.084
+084
+084
.084
.084
+084
.084
+084
+084
.084
+I84
.084
+084
.084
.084
+I84
.084
+I84
.084
.084
+c84
.084
.084
+E84
+086
+0861628
+R861628
+M84
.084
.084
+I84
.084
+I84
.084
+E84
.084
.084
+084
.084
.084
+I84
.084
+084
.084
.084
+084
.084
+084
.084
+I84
.084
.084
+U84
+E84
.084
.084
+084
.084
+084
.084
.084
+084
.084
+084
.084
+I84
.084
r 10 U
+E84
.084
+084
+084
.084
.084
+084
.084
+084
.084
+084
.084
.084
+084
+084
.084
.084
+084
+084
.084
+084
+084
.084
.084
+084
.084
.084
+I84
.084
+084
.084
+084
+084
.084
.084
+084
.084
+084
.084
+084
.084
.084
+084
+084
.084
.084
+084
+084
.084
+084
+084
.084
.084
+084
.084
.084
+U84
+E84
+084
.084
+084
+I84
.084
+I84
.084
.084
+I84
.084
+Y84
.084
+M84
.084
.084
+I84
.084
+M84
.084
.084
+084
.084
.084
+084
.084
+084
.084
.084
+084
.084
+084
.084
.084
+084
.084
.084
+M84
.084
.084
+084
+Q84
+E84
.084
.084
+084
+084
+084
+084
.084
+084
.084
+084
.084
+084
.084
.084
+084
.084
+I84
.084
+084
.084
+084
.084
.084
+084
.084
+084
.084
.084
+084
.084
.084
+084
.084
.084
+084
.084
+084
.084
.084
+084
+084
+084
.084
+084
+084
.084
.084
+084
.084
.084
+084
+084
+084
.084
.084
+084
.084
.084
+084
.084
.084
+084
+084
+084
.084
+084
.084
+084
.084
.084
+084
.084
+I84
.084
U
U
U
+E84
.084
+084
.084
+084
.084
.084
+084
+084
.084
.084
+084
.084
+I84
.084
+084
+084
.084
.084
+E84
.084
+084
+U84
+E84
.084
.084
r 9 +084
.084
+084
.084
+084
.084
+084
.084
.084
+084
.084
+I84
.084
+084
.084
+084
.084
.084
+084
.084
+084
.084
.084
+084
.084
.084
+084
.084
.084
+084
.084
+084
.084
.084
+084
+084
.084
.084
+084
+084
.084
+084
+084
+084
+084
+084
+084
+084
.084
.084
+084
.084
.084
+084
+084
+084
.084
.084
+084
.084
.084
+084
.084
.084
+084
+084
+084
.084
+084
.084
+084
.084
+084
.084
.084
+084
.084
+084
+U84
+E84
.084
.084
+084
.084
.084
+084
+084
.084
.084
+084
.084
+084
.084
.084
+084
+084
+084
.084
.084
+084
.084
+084
.084
+084
.084
.084
+084
.084
+084
.084
+084
.084
+C84
.C84
.C84
+C84
.C84
.C84
+C84
.C84
+C84
.C84
+C84
+C84
.C84
+084
.084
+084
.084
+084
+084
.084
+084
.084
+084
+084
+084
.084
+C84
.C84
.C84
+C84
+C84
+C84
.C84
+C84
.C84
+C84
+C84
.C84
+E84
.084
+084
+084
+084
+084
+084
.084
.084
+084
.084
+084
+084
.084
+C84
.C84
.C84
+C84
+C84
.C84
+K84
.C84
U
U
U
+G84
+C84
+C84
+C99
.C99
+099
.099
.099
+I99
.099
+I99
.099
.099
+Y99
.099
+M99
.099
.099
+E99
+084
.084
+084
.084
+084
.084
.084
+I84
.084
+084
+084
+084
.084
+084
+084
.084
.084
+084
.084
.084
+Q84
+E99
.099
+099
.099
+099
.099
+099
.099
+099
+099
+099
.099
+099
.099
+099
.099
+099
.099
+099
+099
+099
.099
+099
.099
+099
.099
+099
.099
+099
+099
+099
.099
+099
.099
+099
.099
+099
.099
+099
+099
+Q99
+E99
.099
+099
.099
+099
.099
+099
.099
+099
.099
+099
.099
+099
.099
+099
.099
+099
+099
+099
.099
+099
.099
+099
.099
+099
.099
+099
.099
+099
.099
+099
.099
+099
.099
+099
+099
+Q99
+E84
.084
+084
.084
.084
+084
+084
+084
+084
.084
.084
+084
.084
+084
.084
+084
.084
.084
+084
+084
+084
+084
.084
+084
.084
+084
.084
.084
+084
+084
+084
+084
.084
+084
.084
+084
.084
+Q84
r 1220 U