
;pos=023800
.0860E68
.0860E68
+0860E68
.0860E68
.0860E68
+0860E68
+0860E68
+0860E68
+I860E68
.0860E68
.0860E68
.0860E68
+0860E68
.0860E68
.0860E68
+0860E68
.0860E68
.0860E68
+0860E68
.0860E68
.0860E68
+I860E68
.0860E68
+0860E68
.0860E68
.0860E68
+0860E68
.0860E68
.0860E68
+0860E68
+0860E68
.0860E68
.0860E68
+E860E68
.0860E68
.0860E68
+0860E68
+0860E68
.0860E68
.0860E68
+0860E68
.0860E68
.0860E68
+0860E68
.0860E68
.0860E68
+0860E68
.0860E68
.0860E68
+H860E68
.D860E68
+T860E68
+H860E68
.D860E68
+0860E68
.0860E68
+0860E68
.0860E68
.0860E68
+0860E68
.0860E68
+0860E68
+0860E68
.0860E68
.0860E68
+0860E68
+0860E68
+0860E68
.0860E68
.0860E68
+0860E68
.0860E68
.0860E68
+0860E68
.0860E68
.0860E68
.0860E68
+E860E68
+0860E68
.0860E68
.0860E68
.0860E68
+0860E68
.0860E68
.0860E68
+I860E68
.0860E68
+0860E68
.0860E68
+0860E68
.0860E68
.0860E68
+0860E68
+E860E68
+0860E68
+I860E68
.0860E68
+0860E68
.0860E68
+0860E68
.0860E68
.0860E68
+0860E68
.0860E68
.0860E68
+0860E68
+0860E68
+0860E68
.0860E68
.0860E68
+E860E68
+0860E68
.0860E68
.0860E68
.0860E68
+0860E68
.0860E68
.0860E68
+I860E68
.0860E68
+0860E68
.0860E68
+0860E68
.0860E68
.0860E68
+0860E68
+E860E68
+0860E68
+0860E68
.0860E68
.0860E68
+I860E68
.0860E68
+0860E68
.0860E68
+T860E68
+H860E68
.D860E68
+0860E68
.0860E68
+E860E68
+0860E68
+0860E68
.0860E68
.0860E68
+0860E68
+0860E68
.0860E68
.0860E68
.0860E68
+0860E68
+0860E68
+0860E68
.0860E68
.0860E68
+0860E68
+0860E68
.0860E68
.0860E68
+I860E68
.0860E68
+0860E68
.0860E68
+T860E68
+G860E68
.C860E68
+C860E68
.C860E68
+C860E68
.C860E68
+S860E68
Ug
Ug
r 1875 U